02 80 06 98 19 40 57 11 02 81
02 44 21 08 69 10 00 40 86 40 02 89 77 36 46 68 80 11 61 00 46
79
42 06
85 71 82 02 80 06 98 19 40 57 11 02 81 02 80 54 06 06 14 71 39 96 20 02 80 06 98 19 40
57 11 02 81
02 80 06 98
19 40 57 11 02 81 54 59 05 02 80 06 98 19 40 57 11 02 81 07 15 59 95 31 23 19 38 50
79 02 80 06 98
19
40
57 11
02 81 24 42 00 50 19
61 65
06
01 39 80 85 76
43 36 02 80 06 98 19 40 57 11 02
81 02 80 06 98 19 40 57 11 02 81 12 41 49
78 14 48
21 81 68 59 22 43 02 88 11
13
80
06 09 74 33 44 85 89 02 80 06 98
19 40 57 11 02 81 02 55 02 02 22 02 80 06 98
19 40
57
11 02 81 02 02 61 15 67 68 35 32 79 48 72 98 98 80 06 98 19
02 80 06 98 19 40
57 11 02 81 02 80 06 98 19 40 57 11 02 81 72 02 80 06 98 19 40 57
11
02
81
02 58 46 98 78 99 74 85 19 49 65 02 80 06 98 19 40 57 11 02 81 61 62 67 14 06 02 80 06 98 19 40 57 11 02 81 78 63 21 02
80 06 98 19 40 57 11
02 81 80 80
63 23 16 55 04
02
95 40 89 49 80 06
98 54 02 80 06 98 19 40 57 11 02 81 82 19 69 63 41 80 58 56 97 25 08 10
99 02 02 80
06 11 28 49 68 72 02 80 06 98 19 40
57
11 02
81 32 92 48 98 36 52 75
02 41 29 68
95 26 73
19 44 18 15 90 80 48 55 84 97 61
18 87 80
30 39 97 99
60 17 19 17 63 28 25 94 45 80 23 57 43 02
80 06 98 19 40 57 11 02 81 18 40 87 67 88 61 47 88 06 95 38 02 80 06 98
19 40 57 11 02 81 02 80 06 98 19 40
57 11 02 81 85 04 66 84 02 80 06 98 19 40 57 11 02
81 02
80 06 98
19 40 57
11 02 81
60 88 06 89 02 80 06 98 19 40 57
11 02 81 02 80 06
98 19 40 57 11 02 81 02 80 06
98 19 40 57
11
02
81 71 80 84 98 19 02 80 06 98 19 40 57 11 02
81 34 38 90 71 78
62 06 29 80 78 98 08 80 47 15 02 80 06 98 19 40 57 11 02 81 02 63 70 39 02 60 74 17 20 99 58 40 73 08
90 61 16 95 98 25 13 89 55 22 00 76
70 40 76 02
80 06 98
19 40 57 11 02 81 02 80 06 98 19 40 57 11 02 81 06 62 44 04 57 39
02 80 06 98 19 40 57 11 02 81 05 03 60 88 59
02 80
06 98 19 40 57 11 02 81 02 42 29 10 64 64 59 01 87 02 80 06 98 19 40 57 11 02 81 02
80 06 98 19
40 57 11 02
81
71 09 31 66 68 80 86 02 80 06 98 19 40 57 11 02
81 80 80 60 02 80 06 98 19 40 57 11 02 81 65 04 98 98 40 16 45 45 76 76 38 45 88 02 02 80 06 98 19 40 57 11 02 81 25 55 66 37 37 60 75 80 80 21 07 20 77 94 02 80 23 83 11 02 80
06
98 19 40 57 11 02
81
02 80
40 92 13 58 51
12 02 02 50 35 69 30 06 36 24 39 09
36 91 39 96 06 54 38 65 80 07 80 49 02 80 06 98 19 40 57 11 02 81 02 80 06 98 19 40 57
11 02 81 70 74 77 71 62 98 16 65 26 29
87 02 80 06 98 19 40 57 11 02 81 41 67 02 80 06 98 19 40 57 11 02 81 02 80 06 98 19 40 57 11 02 81 02 80 06 98 19 40 57 11 02 81 27 80 59 02 80 06 98 19
40 57
11 02
81 02 09 02 29 13 72 75
02 80 06 98 19 40
57 11 02 81 55 02 65 06 27 19 06 18 85 86 67 68
79 02 80 06 98 19 40 57 11 02
81 38 65 23 47 02 80 02 80 06 98 19 40 57 11 02 81 41 80 02
56 96
21 21 56 06 23
18 71 60 95 77 24 36 56 39 11 55 94 17 97 82 42 20 80 02 80 06
98 19
40 57 11 02 81 00 49 02 12 04
98
08 37 01 92 01 56 99 74 31 19 43 31 02 18 43 48 20 01 80 30 98 19 62 57 11 88 22 09 80 02 58 92 38 02 80 06 98 19 40
57 11 02 81 02 80 06
98 19 40 57 11 02
81
02
80 06 98 19 40 57 11 02 81
59 01 65 03 02
