30249 35335 72613 85879 89642 94751 89101 63082 76227 34005 23145 53761 46914 30249 10384 18020 58093 65435 61746 94506 46212 52214 82707 30249 35335 72613 85879 89642 94751 89101 63082 76227 34005 23145 53761 46914 30249 93951 03457 74660 75664 94850 16206 87692 08628 54581 05574 86353 29464 98115 76856 88470 30249 35335 72613 85879 89642 94751 89101 63082 76227 34005 23145 53761 46914 30249 10384 18020 58093 65435 61746 94506 46212 18864 31556 00880 42980 84502 02794 30249 35335 72613 85879 89642 94751 89101 63082 76227 34005 23145 53761 46914 30249 10384 18020 58093 65435 61746 94506 46212
32102
35335
72613 38070 84471 74045
60140 23944
35262
55980 07106 30249 35335
72613
85879
89642
94751
89101 63082 76227 34005
23145 53761
46914
30249 10384
18020 58093
65435 61746
94506
46212 52214 82707
30249 35335 72613 85879
89642
94751
89101
63082 76227 34005
23145
53761 46914 30249 93951 03457
74660
75664 94850
16206 87692
08628
54581
05574 86353
29464 98115 76856 88470
30249
35335
72613 85879 89642 94751
89101 63082
76227
34005 23145
53761
46914
30249
10384 18020 58093 65435 61746
94506
46212 18864
31556 00880 42980
84502 02794
30249
35335
72613 85879
89642 94751 89101 63082
76227
34005 23145 53761 46914 30249 10384 18020 58093 65435 61746 94506 46212
76696
05537
22969
19571 39461
77851
44878 65679 00869
06211 90726 53761
46914 61310 44966
18020
58093 40258 30249 35335 72613
85879 89642
94751 89101 63082
76227
34005
23145 53761 46914
30249 10384 18020
58093
65435 61746 94506
46212
52214 82707 30249 35335
72613
85879 89642 94751 89101 63082 76227 34005 23145
53761 46914 30249
93951 03457
74660
75664 94850
16206 87692 08628
54581
05574 86353 29464 98115
76856 88470 30249
35335 72613 85879 89642
94751 89101
63082 76227 34005
23145
53761 46914
30249
10384
18020 58093 65435
61746
94506 46212
18864 31556 00880
42980 84502 02794
30249 35335
72613 85879
89642 94751
89101 63082
76227 34005
23145
53761
46914 30249
10384 18020 58093
65435
61746
94506
46212 30249 35335
72613
85879
89642
94751 89101 63082 76227
34005
23145
53761
46914 30249
10384 18020
58093
65435 61746 94506
46212 52214
82707
30249 35335
72613 85879
89642 94751
89101 63082
76227 34005
23145
53761 46914
30249
93951 03457 74660
75664 94850
16206 87692
08628
54581 05574
86353 29464 98115 76856 88470
30249
35335
72613 85879
89642 94751 89101
63082
76227 34005
23145 53761 46914
30249 10384 18020
58093 65435
61746
94506
46212
18864 31556 00880
42980
84502 02794
30249
35335
72613 85879
89642 94751
89101 63082
76227
34005
23145 53761
46914
30249 10384 18020 58093 65435 61746 94506 46212
64099 53838
84635 43186 89642 43433
89101
83862 37732
34005 00430
53761 83585 36920
41561 99048 17672
11632 89916
16046
89642
34823
06267
11859 76227
34005
02888 31029 69890
27262
33035 28451
35335 92324 60997 75271
92699 38781 30249 26576 28688 44818
84196
05045 50127 43029 76227 73726
53784 57499
89138 75887 90663
30404
61335
19081 01458 45287 08850 63082 12678
76686
35927 51190
84471 92106
08234
24519
77679
85879
96222
13465
01116
66448
27103
30638
91409 33257
15288
22689
89642
94751
89101 09241
55539 27511
23450
19064
15969
48422
19892 90852
40416
70767
76188 25856
43266
78527 39628
62240
72613
04967
89642 48527 29089
71217 72613
97392
04585 10274 89101 54155
66579
39498
13927
95362 81470
30249 30249
35335
72613
85879
89642
94751 89101
63082
76227
34005 23145
53761 46914 30249
10384 18020
58093
65435 61746 94506
46212
52214
82707 30249 35335
72613
85879
89642
94751
89101 63082 76227 34005
23145 53761 46914
30249 93951
03457
74660
75664
94850 16206
87692 08628
54581
05574
86353 29464 98115
76856
88470 30249 35335 72613
85879
89642 94751
89101 63082 76227 34005
23145 53761
46914
30249 10384
18020 58093
65435 61746 94506 46212
18864
31556
00880
42980
84502
02794 30249 35335 72613
85879 89642
94751
89101 63082
76227
34005
23145 53761
46914 30249
10384
18020
58093
65435 61746 94506
46212 96098
19660 72613
83371 89642 23596
18822
00540 61615 94374 05705
98994 52483
35335 72613 19687 67328 58077
15689
00536
86543
85925 35335
03075
09773
94571
16555
72613
24516 89642
23425 89101 55463 09664
41859 51135 99151 47512
28027 32720
82736 20353
91112
89101
82587
40560
34005 17278 44001 48466 05520
75406
52909
58093 86248 45756
00248
86841
52907 59506 49114
85879 24925
19456 48585 39804
53009
58638 04117
82992 25402 94943 79526 79694 48072 69583 69361 88344 23145 88258
77825
03279 16163 38093 14612 89642 96642
65073 12905 87745
48749
83001
35335
72613
85879 15108
94751
61074
43331
88229
34005 77974
53761
37443 19101
60550
32386 30249
35335 00859 51667 07824 71143 97227 69093
72613 76644
35335
24566 11199
55835 94751 03738 25122 30249
34267 49149
91908 42957 19909 55295 51845 70002 34005 90095 86539 56464 06346
99962
38696 40039 63082 68263 97912 03268 98404 50356
30249 25592 51940 73777 76881
61746 87288 07873 31646
72805
26092 39865 51913
31461
59772 58190 68585 52282
34005 01043 20101 41619
77183
10384 83165 78347 30249 35335 72613 85879 89642
94751 89101
63082 76227 34005 23145
53761
46914 30249
10384
18020 58093
65435 61746 94506
46212 52214 82707 30249 35335
72613 85879 89642 94751
89101
63082
76227
34005
23145 53761
46914 30249 93951 03457
74660 75664
94850 16206 87692 08628
54581
05574 86353 29464
98115
76856 88470
30249
35335 72613 85879
89642
94751 89101 63082 76227 34005
23145
53761
46914 30249
10384
18020
58093
65435
61746
94506
46212
18864 31556
00880
42980 84502 02794 30249 35335
72613
85879
89642 94751
89101 63082
76227 34005 23145
53761 46914
30249 10384
18020 58093
65435 61746 94506 46212 09496 26762 59208 49281 93066
54106 88037 70387 76227 30249
07802 72613 00631
46153
18202
35667 57513
30638
08355
52996 16213
23118 30249
07424 09716
52604 65435
61746 81553 41633
52613 30249 94672
72613 36965
81303
00703 89101 63082 74245
36876
66770 90860 48381
14848 13628
10560
30249
12172
12339 80980
99741 57745
01582 31103
25550
34005
65233 30249 35335 72613
85879
89642 94751 89101 63082
76227
34005
23145 53761 46914 30249 10384 18020 58093 65435 61746
94506
46212
52214 82707 30249
35335
72613
85879
89642
94751
89101 63082
76227
34005 23145 53761 46914 30249 93951 03457
74660 75664
94850 16206 87692 08628
54581
05574
86353 29464
98115
76856
88470
30249
35335
72613 85879 89642 94751
89101
63082 76227 34005
23145 53761 46914 30249 10384
18020 58093 65435 61746 94506
46212
18864
31556
00880
42980
84502 02794 30249 35335
72613 85879
89642
94751
89101 63082
76227
34005
23145
53761
46914 30249
10384 18020
58093
65435
61746
94506
46212 97957
62407 85029 70908
87408
86557
89701
50840
76227 02666
13091 30249 35335
21967
70282
59470 81564 63327 05889
76227
15711
34265
